                                                                                                    
                                                                                                    
                                                                                                    
                                                                                                    
                                                                                                    
                                                  1 01                                              
                                       11001111010111101110010                                      
                                      0111111011100110000111100101                                  
                                     1010111111110111111110001111111                                
                                  101111101101010110000111111110110110                              
                                111101111111010111100110111000111111011                             
                               10111111010100011110110110111110101101100                            
                             10111100111001111101000011010101100011100001                           
                             0011101010110011111111111100110110100100011111                         
                            111100011011111111101001001100001111011101011101                        
                            0110100111000110101111110000111010101110000111101                       
                           01110111111010100111011110000111000111011100100011                       
                           1100000110101110010 1  1 0000000 110001110011110110                      
                          11111000111010 000001100 01010101000   1011111110011                      
                          111001001111  0 010111111111111101000   1110111011011                     
                          011110011 101 011100111111101111110000   111011111011                     
                         011100100   00001010111111001101111100    111001111001                     
                         110001011   000011101111011111111100000   100111011110                     
                         0110111111 0010011111111111111111100000   110001111110                     
                         1111011011  0 00011111111111111111100      11101111011                     
                         11110110   0000011100011111111111011000 1111100110001                      
                         1010011   0 00110100000010001101101100 11 11110011011                      
                          111111    110101110 0001011101  10110100011111000011                      
                          100100  1001100111 1  0111100 100101  0  11011110111                      
                          011111  1   000 100111 00000 1001101 001111111011111                      
                          10101    0 111101010101 100010111 0111011011111010  1                     
                           0100    10100 00100  0 1110 11 11100110001 111011111                     
                          10111  00   1110011100001110 1  0111100011    1110 10                     
                         110100  0000110111000100110110   00    00000    000 1                      
                            001 0011111010011101111010010 00010111110    0111                       
                            001 001100001111111101001100000111101110000 10101                       
                           0101 01110000000001  0100010   0101000001010  1                          
                                00110001000100111000011000 000011001100  110                        
                             011001110010011 01001000100001001000001100 110                         
                             11 0001100000111110100001  001111100111100  1                          
                              1 000111001111010110  0  1011110011110000  0                          
                               10000011111001110110 010010   0010100 00                             
                               10000111000 1 10001011110000111000000  0 1                           
                                 000010010 1 10 1     111011111 0     0 0                           
                                1001000010 0    1     000 111   00     1                            
                                  0000000000110000010000 11 000       1                             
                                11 00000000111100  100111  000    11 01                             
                               1 0  0000   00111110000 0011100   111111                             
                              11 1 1  00 0 10010101101 111100   111111111                           
                             010 1   01   10000110111 011100 1100011 1110                           
                            0110 11   10111 101001111100100 10011011111110                          
                           11001000 0  11001 1  0 100101  111101 1   111000                         
                          1100011 110    111010010   011100011       11 0011                        
                         1110000001000     1 11000001000000011    00 1 11010                        
                      01111000001001 001 0   111111101101111   0 000 111110110                      
                   101111100000001111 01110      11 11 1111  00000000000000101111                   
                1000110110000000010001 01100000             0000110 111100001001111                 
            10000010000000000000011001 0010110000000 000 00001001001111100000101110000              
         000000000000000000000001100111000111111000000000000011110 1011001110100111100101           
     11000000000000000000100011110011   00111111011000001011011110 100101110110011111111101         
  110000000000000000000011111110000001   00111111111111111100110001100000000111010111111111101      
0000000000000000000000000111000000000010000111111111111111111100000001111100000000111100000111100   
000000000000000000000000000000000000000100001111010000001110000000000000001111000110010100000111110 
0000000000000000000000000000000000000000000111100000000111000000000000000000001111100000000000000111
0000000000000000000000000000000000000000000000110000001100000000000000000000000000000000000000000011
0000000000000000000000000000000000000000000000000101011000000000000000000000000000000000000000000000
0000000000000000000000000000000000000000000000000000110000000000000000000000000000000000000000000000
0000000000000000000000000000000000000000000000100000 00000000000000000000000000000000000000000000000
0000000000000000000000000000000000000000000000000000000000000000000000000000000000000000000000000000
0000000000000000000000000000000000000000000000000000000000000000000000000000000000000000000000000000
0000000000000000000000000000000000000000000000000000000000000000000000000000000000000000000000000000
0000000000000000000000000000000000000000000000000000000000000000000000000000000000000000000000000000
0000000000000000000000000000000000000000000000000000000000000000000000000000000000000000000000000000
0000000000000000000000000000000000000000000000000000000000000000000000000000000000000000000000000000
0000000000000000000000000000000000000000000000000000000000000000000000000000000000000000000000000000
0000000000000000000000000000000000000000000000000000000000000000000000000000000000000000000000000000
0000000000000000000000000000000000000000000000000000000000000000000000000000000000000000000000000000
0000000000000000000000000000000000000000000000000000000000000000000000000000000000000000000000000000
0000000000000000000000000000000000000000000000000000000000000000000000000000000000000000000000000000
0000000000000000000000000000000000000000000000000000000000000000000000000000000000000000000000000000
0000000000000000000000000000000000000000000000000000000000000000000000000000000000000000000000000000
0000000000000000000000000000000000000000000000000000000000000000000000000000000000000000000000000000
0000000000000000000000000000000000000000000000000000000000000000000000000000000000000000000000000000
0000000000000000000000000000000000000000000000000000000000000000000000000000000000000000000000000001
1000000000000000000000000000000000000000000000000000000000000000000000000000000000000000000000000001
0000000000000000000000000000000000000000000000000000000000000000000000000000000000000000000000000001
0000000000000000000000000000000000000000000000000000000000000000000000000000000000000000000000000011
0000000000000000000000000000000000000000000000000000000000000000000000000000000000000000000000000011